0.116652	0.116652	0.116652	0.116652	0.116652	
2.71828	2.71828	2.71828	2.71828	2.71828	
-2.53933	-1.84618	-1.44072	-1.15304	-0.929892	
7.69422	7.76205	6.99387	6.09595	5.89382	
3248.69	3248.69	3248.69	3248.69	3248.69	
0	1.38629	2.19722	2.77259	3.21888	
0.841471	-0.756802	0.956376	-0.999208	0.773719	
1	2	3	4	5	
2.71913	2.91751	3.05133	3.15525	3.2414	
-50000	-50000	-50000	-50000	-50000	
-0.976762	-0.976762	-0.976762	-0.976762	-0.976762	
0.410781	0.893855	0.944471	-0.928768	-0.687691	
0.64243	0.64243	0.64243	0.64243	0.64243	
-50000	-50000	-50000	-50000	-50000	
-1.40956	-1.40956	-1.40956	-1.40956	-1.40956	
0.492771	0.492771	0.492771	0.492771	0.492771	
-0.172604	-0.095083	-1.95814	-50000	-50000	
-50000	0.000517384	-0.000132762	-0.00046109	-0.000671778	
0.0382688	0.0382688	0.0382688	0.0382688	0.0382688	
-0.468784	-0.468784	-0.468784	-0.468784	-0.468784	
-1.41729	-1.41729	-1.41729	-1.41729	-1.41729	
1.10865	2.10865	3.10865	4.10865	5.10865	
1.71653	0.659583	0.371579	0.520147	1.32798	
0.903365	0.903365	0.903365	0.903365	0.903365	
0.540302	0.877583	0.944957	0.968912	0.980067	
0.296749	0.148374	0.0989162	0.0741872	0.0593497	
-50000	-50000	-50000	-50000	-50000	
1.27646	0.638229	0.425486	0.319115	0.255292	
28.2561	-50000	-50000	-50000	57.8303	
21.7172	-50000	-50000	-50000	0.769314	
-0.461641	-0.461641	-0.461641	-0.461641	-0.461641	
-0.420007	-0.647189	0.963654	-0.162293	-0.827326	
0	0.000978474	0.00155084	0.00195695	0.00227195	
0	0.832555	1.03185	1.08509	1.09985	
0.415902	0.415902	0.415902	0.415902	0.415902	
0.93903	3.93903	26.939	255.939	3124.94	
-0.992015	-1.47201	-1.95201	-2.43201	-2.91201	
0.506753	0.240919	0.114537	0.0544528	0.0258878	
0.587537	1.75733	2.79774	3.8058	4.80091	
0.989393	0.412338	-0.543819	-0.999991	-0.536776	
-2.12129	-6.79207	-19.4885	-54.0012	-147.816	
0.222547	0.222547	0.222547	0.222547	0.222547	
0.841471	3.63719	1.27008	-12.1088	-23.9731	
0.410781	0.893855	0.944471	-0.928768	-0.687691	
-0.00221494	-0.00362658	-0.00503822	-0.00644986	-0.0078615	
0.762118	0.762118	0.762118	0.762118	0.762118	
-0.436188	-0.471347	-0.0731516	0.392299	0.497072	
0.297082	-0.642966	-0.991874	-0.428857	0.528449	
-1.29697	-5.18789	-11.6728	-20.7516	-32.4243	
-50000	-0.818769	-0.818769	-0.818769	-0.818769	
0.371557	0.185779	0.123852	0.0928893	0.0743115	
-2.71828	-7.38906	-20.0855	-54.5982	-148.413	
-0	0.000978474	0.00155084	0.00195695	0.00227195	
0.745624	0.789072	0.140652	-0.6866	-0.818574	
-3.77612	-6.6405	-9.50489	-12.3693	-15.2337	
15.1543	3.89285	2.47464	1.97303	1.72229	
0.518644	1.93199	2.974	3.86398	4.67066	
0.841471	0.479426	0.327195	0.247404	0.198669	
0.0931164	0.186233	0.279349	0.372466	0.465582	
16.3164	9.56919	6.76975	5.23753	4.27088	
-50000	-0.771031	-0.324311	-0.192758	-0.132826	
1	2	3	4	5	
-50000	-50000	-50000	-50000	-50000	
-0.607983	-0.996581	-0.468927	0.489856	0.998268	
-0.900222	-0.886615	-0.872826	-0.858851	-0.844689	
1.72377	2.97139	5.12201	8.82918	15.2195	
-50000	-50000	-50000	-50000	-50000	
-0.00141164	-0.00141164	-0.00141164	-0.00141164	-0.00141164	
1	0.532444	0.856384	2.85523	4.68014	
-0.525039	-0.525039	-0.525039	-0.525039	-0.525039	
-1.40596	-2.40596	-3.40596	-4.40596	-5.40596	
-0.673789	-0.490175	-0.962716	0.95033	0.994247	
-708.396	-708.396	-708.396	-708.396	-708.396	
-0	-50000	-50000	-50000	-3.47223	
0	0.716577	1.01336	0.780986	0.6336	
-1	-0.5	-0.333333	-0.25	-0.2	
0.605937	-0.466699	-1.11025	-0.733047	0.318121	
0	1.6142	2.71924	3.76569	4.79276	
-8.05996e-05	-8.05996e-05	-8.05996e-05	-8.05996e-05	-8.05996e-05	
-0.546795	0.146353	0.551818	0.8395	1.06264	
-1.36026	-2.72052	-4.08078	-5.44104	-6.80131	
-50000	1.3603	2.26178	3.22683	4.20833	
1.28587	1.28587	1.28587	1.28587	1.28587	
-2	-4.13114	-6.3177	-8.54174	-10.7944	
0.410781	0.893855	0.944471	-0.928768	-0.687691	
55.0841	55.0841	55.0841	55.0841	55.0841	
1.02716	1.02716	1.02716	1.02716	1.02716	
1	16	243	4096	78125	
-0	-4.39726	-6.96949	-8.79451	-10.2101	
1.45184	1.45184	1.45184	1.45184	1.45184	
0.318056	1.31806	2.31806	3.31806	4.31806	
-0.411858	3.40424	0.881217	6.28863	1.77483	
-0.501823	-0.501823	-0.501823	-0.501823	-0.501823	
1.13811	2.27623	3.41434	4.55245	5.69056	
-50000	-50000	-50000	-50000	-50000	
-0.183936	-0.183936	-0.183936	-0.183936	-0.183936	
1	1	1	1	1	
-0.00117753	-0.00168662	-0.00205998	-0.00235497	-0.00259884	
-0.998959	0.0911526	0.990641	-0.181546	-0.974076	
-0.734342	-0.540299	-0.298147	-0.146243	-0.0672497	
0.216906	4.61324	8.51978	16.3761	24.7055	
1	1.33436	2.9672	2.47476	0.633474	
0.195397	0.195397	0.195397	0.195397	0.195397	
-50000	-50000	-50000	-50000	-50000	
0.986221	0.986221	0.986221	0.986221	0.986221	
-50000	1	1	1	1	
-50000	-50000	-50000	-50000	-50000	
-1	-4	-27	-256	-3125	
2.31978	2.48258	1.15156	0.469164	0.383305	
10.0174	20.0347	30.0521	40.0695	50.0869	
-50000	-1.43309	-1.95267	-2.52623	-3.11374	
1.03099	0.515496	0.343664	0.257748	0.206198	
-0.911734	0.448356	0.328595	-0.370662	-0.726003	
-50000	0.561639	0.531532	0.561639	0.604712	
-50000	0.120334	0.190725	0.240668	0.279407	
-50000	-50000	-50000	-50000	-50000	
0.284275	0.284275	0.284275	0.284275	0.284275	
2.71828	2.71828	2.71828	2.71828	2.71828	
-0.485949	-0.485949	-0.485949	-0.485949	-0.485949	
-0.581327	-0.581327	-0.581327	-0.581327	-0.581327	
0.991331	1.99133	2.99133	3.99133	4.99133	
-0.330021	-0.330021	-0.330021	-0.330021	-0.330021	
-0.841471	-0.909297	-0.14112	0.756802	0.958924	
-1.46489	-1.46489	-1.46489	-1.46489	-1.46489	
-1.2565	-2.51301	-3.76951	-5.02601	-6.28252	
1.71653	0.659583	0.371579	0.520147	1.32798	
0.0556362	-0.637511	-1.04298	-1.33066	-1.5538	
1.1884	1.09975	7.08617	-1.32135	-1.04284	
0.000243654	0.000134223	0.00276419	-50000	-50000	
-0.95939	-0.95939	-0.95939	-0.95939	-0.95939	
-708.396	-708.396	-708.396	-708.396	-708.396	
36.357	36.2096	36.0622	35.9148	35.7674	
-50000	0.549486	0.446852	0.402547	0.37646	
1.17525	1.17525	1.17525	1.17525	1.17525	
-3.67622	-7.35244	-11.0287	-14.7049	-18.3811	
0.909297	-0.756802	-0.279415	0.989358	-0.544021	
0.28347	0.28347	0.28347	0.28347	0.28347	
0	-0.0310338	-0.0380565	-0.0413783	-0.0433833	
-50000	-1	-1	-1	-1	
-0.498595	0.194552	0.600017	0.887699	1.11084	
-0.00198702	-0.00198702	-0.00198702	-0.00198702	-0.00198702	
-0.515305	-0.515305	-0.515305	-0.515305	-0.515305	
708.396	709.09	709.495	709.783	710.006	
-0.926216	-0.926216	-0.926216	-0.926216	-0.926216	
0.540302	-0.653644	-0.91113	-0.957659	0.991203	
-0.851799	-0.851799	-0.851799	-0.851799	-0.851799	
0	0.638961	0.890577	0.983028	0.999254	
0.468688	0.937376	1.21154	1.40606	1.55695	
-0.249169	-0.498338	-0.747507	-0.996677	-1.24585	
-0.615626	-50000	-50000	-50000	-1.25997	
-1.23915	-1.23915	-1.23915	-1.23915	-1.23915	
-1.83713	-2.83713	-3.83713	-4.83713	-5.83713	
-0.3603	-0.3603	-0.3603	-0.3603	-0.3603	
0.143697	0.143697	0.143697	0.143697	0.143697	
1.01279	3.97807	14.9691	47.7762	139.886	
2.14093	1.64093	1.47426	1.39093	1.34093	
1	1	0.999999	0.999998	0.999997	
-0.926808	-0.696098	0.40399	0.999523	0.346721	
-0.280699	-0.212873	-0.98105	-1.87897	-2.08109	
-1.0175	-1.0175	-1.0175	-1.0175	-1.0175	
1	0	0	0	0	
-0.615626	-50000	-50000	-50000	-1.25997	
1	4	27	256	3125	
-50000	-0.883023	9.22938	3.73051	3.10482	
-50000	-50000	-50000	-50000	-50000	
-1.48913	-2.97826	-4.4674	-5.95653	-7.44566	
0.540302	0.877583	0.944957	0.968912	0.980067	
-1.80793	-5.34605	-11.8562	-23.3726	-43.1955	
-50000	0.265808	0.406999	0.446183	0.463486	
-0.12583	-0.12583	-0.12583	-0.12583	-0.12583	
-0.90228	-0.90228	-0.90228	-0.90228	-0.90228	
-50000	0.0555948	0.0233843	0.0138987	0.00957735	
0	0.638961	0.890577	0.983028	0.999254	
-50000	1.39552	0.986816	1.28043	1.57828	
0.540302	0.540302	0.540302	0.540302	0.540302	
-1.47659	-1.47659	-1.47659	-1.47659	-1.47659	
4.06717	10.1343	36.2015	268.269	3140.34	
1	1	1	1	1	
1	0.769239	0.454832	0.183457	-0.038632	
-0.615626	-50000	-50000	-50000	-1.25997	
-0.995716	-0.615797	0.330282	0.972702	0.720824	
-50000	-50000	-50000	-50000	-50000	
-1.16445	-1.16445	-1.16445	-1.16445	-1.16445	
-2.10168	-2.10168	-2.10168	-2.10168	-2.10168	
0.115497	0.097053	0.696285	6.96796	11.7025	
0	-1.41047	-1.04142	-0.856576	-0.73763	
0	0	0	0	0	
-50000	-1.03512	0.18494	-50000	-50000	
7.38906	54.5982	403.429	2980.96	22026.5	
-50000	-50000	-50000	-50000	-50000	
0.000124058	-0.000917807	-0.00151069	-0.00192694	-0.00224799	
0.841471	0.953571	0.52063	-50000	-50000	
0.399326	0.399326	0.399326	0.399326	0.399326	
0.996396	0.996396	0.996396	0.996396	0.996396	
-0.966564	-0.966564	-0.966564	-0.966564	-0.966564	
-50000	1.97252	1.97196	1.43183	0.386632	
0.909378	0.141311	-0.756676	-0.958979	-0.279601	
-0.841471	-0.909297	-0.14112	0.756802	0.958924	
1.28142	3.23787	4.81172	5.47537	5.53806	
0.188814	0.0944068	0.0629379	0.0472034	0.0377627	
